0.000000000000000000e+00 4.799999892711639404e-01 7.599999904632568359e-01 5.600000023841857910e-01 5.600000023841857910e-01 7.599999904632568359e-01 4.799999892711639404e-01 4.399999976158142090e-01 5.600000023841857910e-01 6.000000238418579102e-01 6.000000238418579102e-01 4.399999976158142090e-01 4.799999892711639404e-01 5.600000023841857910e-01 7.200000286102294922e-01 6.000000238418579102e-01 6.000000238418579102e-01 5.199999809265136719e-01 5.600000023841857910e-01 4.399999976158142090e-01 3.600000143051147461e-01 5.600000023841857910e-01 7.200000286102294922e-01 6.000000238418579102e-01 7.599999904632568359e-01 6.000000238418579102e-01 4.399999976158142090e-01 5.199999809265136719e-01 5.600000023841857910e-01 6.800000071525573730e-01 5.199999809265136719e-01 7.200000286102294922e-01 5.600000023841857910e-01 5.199999809265136719e-01 4.799999892711639404e-01 3.600000143051147461e-01 5.600000023841857910e-01 4.799999892711639404e-01 6.000000238418579102e-01 4.799999892711639404e-01 6.000000238418579102e-01 7.200000286102294922e-01 5.199999809265136719e-01 4.399999976158142090e-01 3.600000143051147461e-01 4.399999976158142090e-01 6.000000238418579102e-01 8.000000119209289551e-01 5.199999809265136719e-01 5.199999809265136719e-01 6.000000238418579102e-01 8.799999952316284180e-01 8.399999737739562988e-01 4.399999976158142090e-01 9.200000166893005371e-01 5.199999809265136719e-01 5.199999809265136719e-01 5.199999809265136719e-01 9.200000166893005371e-01 5.199999809265136719e-01 5.199999809265136719e-01 5.600000023841857910e-01 5.199999809265136719e-01 5.199999809265136719e-01 8.399999737739562988e-01 6.000000238418579102e-01 4.000000059604644775e-01 4.000000059604644775e-01 4.399999976158142090e-01 4.799999892711639404e-01 5.600000023841857910e-01 4.799999892711639404e-01 8.799999952316284180e-01 4.399999976158142090e-01 8.399999737739562988e-01 6.399999856948852539e-01 8.799999952316284180e-01 8.799999952316284180e-01 6.399999856948852539e-01 5.199999809265136719e-01 6.000000238418579102e-01 4.799999892711639404e-01 4.000000059604644775e-01 5.199999809265136719e-01 5.199999809265136719e-01 8.399999737739562988e-01 6.000000238418579102e-01 4.799999892711639404e-01 5.199999809265136719e-01 4.399999976158142090e-01
4.799999892711639404e-01 0.000000000000000000e+00 4.799999892711639404e-01 1.599999964237213135e-01 1.599999964237213135e-01 4.799999892711639404e-01 0.000000000000000000e+00 2.399999946355819702e-01 3.199999928474426270e-01 2.800000011920928955e-01 2.800000011920928955e-01 2.800000011920928955e-01 3.999999910593032837e-02 2.000000029802322388e-01 3.600000143051147461e-01 2.800000011920928955e-01 2.800000011920928955e-01 1.199999973177909851e-01 3.199999928474426270e-01 2.800000011920928955e-01 2.000000029802322388e-01 3.199999928474426270e-01 3.600000143051147461e-01 2.800000011920928955e-01 3.199999928474426270e-01 2.399999946355819702e-01 2.800000011920928955e-01 2.399999946355819702e-01 1.599999964237213135e-01 4.399999976158142090e-01 3.600000143051147461e-01 3.199999928474426270e-01 3.199999928474426270e-01 2.800000011920928955e-01 3.999999910593032837e-02 1.599999964237213135e-01 1.199999973177909851e-01 3.999999910593032837e-02 2.800000011920928955e-01 2.000000029802322388e-01 2.399999946355819702e-01 3.600000143051147461e-01 3.600000143051147461e-01 1.199999973177909851e-01 1.199999973177909851e-01 1.199999973177909851e-01 2.399999946355819702e-01 4.000000059604644775e-01 3.999999910593032837e-02 3.999999910593032837e-02 3.600000143051147461e-01 5.600000023841857910e-01 4.799999892711639404e-01 2.399999946355819702e-01 5.199999809265136719e-01 4.000000059604644775e-01 4.000000059604644775e-01 2.000000029802322388e-01 5.199999809265136719e-01 2.000000029802322388e-01 4.000000059604644775e-01 7.999999821186065674e-02 4.000000059604644775e-01 2.000000029802322388e-01 4.799999892711639404e-01 2.800000011920928955e-01 2.000000029802322388e-01 2.000000029802322388e-01 1.199999973177909851e-01 1.599999964237213135e-01 3.600000143051147461e-01 1.599999964237213135e-01 5.199999809265136719e-01 3.999999910593032837e-02 5.199999809265136719e-01 2.800000011920928955e-01 6.399999856948852539e-01 5.600000023841857910e-01 2.800000011920928955e-01 4.000000059604644775e-01 7.999999821186065674e-02 1.599999964237213135e-01 1.599999964237213135e-01 7.999999821186065674e-02 4.000000059604644775e-01 5.199999809265136719e-01 3.600000143051147461e-01 2.000000029802322388e-01 4.000000059604644775e-01 1.599999964237213135e-01
7.599999904632568359e-01 4.799999892711639404e-01 0.000000000000000000e+00 5.600000023841857910e-01 5.600000023841857910e-01 7.599999904632568359e-01 4.799999892711639404e-01 4.399999976158142090e-01 5.600000023841857910e-01 6.000000238418579102e-01 6.000000238418579102e-01 4.399999976158142090e-01 4.799999892711639404e-01 5.600000023841857910e-01 7.200000286102294922e-01 6.000000238418579102e-01 6.000000238418579102e-01 5.199999809265136719e-01 5.600000023841857910e-01 4.399999976158142090e-01 3.600000143051147461e-01 5.600000023841857910e-01 7.200000286102294922e-01 6.000000238418579102e-01 7.599999904632568359e-01 6.000000238418579102e-01 4.399999976158142090e-01 5.199999809265136719e-01 5.600000023841857910e-01 6.800000071525573730e-01 5.199999809265136719e-01 7.200000286102294922e-01 5.600000023841857910e-01 5.199999809265136719e-01 4.799999892711639404e-01 3.600000143051147461e-01 5.600000023841857910e-01 4.799999892711639404e-01 6.000000238418579102e-01 4.799999892711639404e-01 6.000000238418579102e-01 7.200000286102294922e-01 5.199999809265136719e-01 4.399999976158142090e-01 3.600000143051147461e-01 4.399999976158142090e-01 6.000000238418579102e-01 8.000000119209289551e-01 5.199999809265136719e-01 5.199999809265136719e-01 6.000000238418579102e-01 8.799999952316284180e-01 8.399999737739562988e-01 4.399999976158142090e-01 9.200000166893005371e-01 5.199999809265136719e-01 5.199999809265136719e-01 5.199999809265136719e-01 9.200000166893005371e-01 5.199999809265136719e-01 5.199999809265136719e-01 5.600000023841857910e-01 5.199999809265136719e-01 5.199999809265136719e-01 8.399999737739562988e-01 6.000000238418579102e-01 4.000000059604644775e-01 4.000000059604644775e-01 4.399999976158142090e-01 4.799999892711639404e-01 5.600000023841857910e-01 4.799999892711639404e-01 8.799999952316284180e-01 4.399999976158142090e-01 8.399999737739562988e-01 6.399999856948852539e-01 8.799999952316284180e-01 8.799999952316284180e-01 6.399999856948852539e-01 5.199999809265136719e-01 6.000000238418579102e-01 4.799999892711639404e-01 4.000000059604644775e-01 5.199999809265136719e-01 5.199999809265136719e-01 8.399999737739562988e-01 6.000000238418579102e-01 4.799999892711639404e-01 5.199999809265136719e-01 4.399999976158142090e-01
5.600000023841857910e-01 1.599999964237213135e-01 5.600000023841857910e-01 0.000000000000000000e+00 2.399999946355819702e-01 5.600000023841857910e-01 2.399999946355819702e-01 2.000000029802322388e-01 3.600000143051147461e-01 2.000000029802322388e-01 2.000000029802322388e-01 3.199999928474426270e-01 2.399999946355819702e-01 1.599999964237213135e-01 5.199999809265136719e-01 2.000000029802322388e-01 2.000000029802322388e-01 2.399999946355819702e-01 3.600000143051147461e-01 2.399999946355819702e-01 1.599999964237213135e-01 3.600000143051147461e-01 5.199999809265136719e-01 2.000000029802322388e-01 5.199999809265136719e-01 2.000000029802322388e-01 3.199999928474426270e-01 2.399999946355819702e-01 2.399999946355819702e-01 5.199999809265136719e-01 3.199999928474426270e-01 5.199999809265136719e-01 3.600000143051147461e-01 2.000000029802322388e-01 3.600000143051147461e-01 1.599999964237213135e-01 2.399999946355819702e-01 3.600000143051147461e-01 2.000000029802322388e-01 2.000000029802322388e-01 2.000000029802322388e-01 5.199999809265136719e-01 3.199999928474426270e-01 2.399999946355819702e-01 1.599999964237213135e-01 2.399999946355819702e-01 2.399999946355819702e-01 4.799999892711639404e-01 1.599999964237213135e-01 2.000000029802322388e-01 5.199999809265136719e-01 6.000000238418579102e-01 5.199999809265136719e-01 2.000000029802322388e-01 6.000000238418579102e-01 5.600000023841857910e-01 5.600000023841857910e-01 2.800000011920928955e-01 6.000000238418579102e-01 2.800000011920928955e-01 5.600000023841857910e-01 2.399999946355819702e-01 5.600000023841857910e-01 3.199999928474426270e-01 5.199999809265136719e-01 4.000000059604644775e-01 2.000000029802322388e-01 2.000000029802322388e-01 1.599999964237213135e-01 2.800000011920928955e-01 5.199999809265136719e-01 2.399999946355819702e-01 5.199999809265136719e-01 1.599999964237213135e-01 6.000000238418579102e-01 4.000000059604644775e-01 5.199999809265136719e-01 6.399999856948852539e-01 4.000000059604644775e-01 5.600000023841857910e-01 2.399999946355819702e-01 2.399999946355819702e-01 2.000000029802322388e-01 1.599999964237213135e-01 5.600000023841857910e-01 6.000000238418579102e-01 4.399999976158142090e-01 2.800000011920928955e-01 5.600000023841857910e-01 2.000000029802322388e-01
5.600000023841857910e-01 1.599999964237213135e-01 5.600000023841857910e-01 2.399999946355819702e-01 0.000000000000000000e+00 5.600000023841857910e-01 2.399999946355819702e-01 2.000000029802322388e-01 3.600000143051147461e-01 2.000000029802322388e-01 2.000000029802322388e-01 3.199999928474426270e-01 2.399999946355819702e-01 1.599999964237213135e-01 5.199999809265136719e-01 2.000000029802322388e-01 2.000000029802322388e-01 2.399999946355819702e-01 3.600000143051147461e-01 2.399999946355819702e-01 1.599999964237213135e-01 3.600000143051147461e-01 5.199999809265136719e-01 2.000000029802322388e-01 5.199999809265136719e-01 2.000000029802322388e-01 3.199999928474426270e-01 2.399999946355819702e-01 2.399999946355819702e-01 5.199999809265136719e-01 3.199999928474426270e-01 5.199999809265136719e-01 3.600000143051147461e-01 2.000000029802322388e-01 3.600000143051147461e-01 1.599999964237213135e-01 2.399999946355819702e-01 3.600000143051147461e-01 2.000000029802322388e-01 2.000000029802322388e-01 2.000000029802322388e-01 5.199999809265136719e-01 3.199999928474426270e-01 2.399999946355819702e-01 1.599999964237213135e-01 2.399999946355819702e-01 2.399999946355819702e-01 4.799999892711639404e-01 1.599999964237213135e-01 2.000000029802322388e-01 5.199999809265136719e-01 6.000000238418579102e-01 5.199999809265136719e-01 2.000000029802322388e-01 6.000000238418579102e-01 5.600000023841857910e-01 5.600000023841857910e-01 2.800000011920928955e-01 6.000000238418579102e-01 2.800000011920928955e-01 5.600000023841857910e-01 2.399999946355819702e-01 5.600000023841857910e-01 3.199999928474426270e-01 5.199999809265136719e-01 4.000000059604644775e-01 2.000000029802322388e-01 2.000000029802322388e-01 1.599999964237213135e-01 2.800000011920928955e-01 5.199999809265136719e-01 2.399999946355819702e-01 5.199999809265136719e-01 1.599999964237213135e-01 6.000000238418579102e-01 4.000000059604644775e-01 5.199999809265136719e-01 6.399999856948852539e-01 4.000000059604644775e-01 5.600000023841857910e-01 2.399999946355819702e-01 2.399999946355819702e-01 2.000000029802322388e-01 1.599999964237213135e-01 5.600000023841857910e-01 6.000000238418579102e-01 4.399999976158142090e-01 2.800000011920928955e-01 5.600000023841857910e-01 2.000000029802322388e-01
7.599999904632568359e-01 4.799999892711639404e-01 7.599999904632568359e-01 5.600000023841857910e-01 5.600000023841857910e-01 0.000000000000000000e+00 4.799999892711639404e-01 4.399999976158142090e-01 5.600000023841857910e-01 6.000000238418579102e-01 6.000000238418579102e-01 4.399999976158142090e-01 4.799999892711639404e-01 5.600000023841857910e-01 7.200000286102294922e-01 6.000000238418579102e-01 6.000000238418579102e-01 5.199999809265136719e-01 5.600000023841857910e-01 4.399999976158142090e-01 3.600000143051147461e-01 5.600000023841857910e-01 7.200000286102294922e-01 6.000000238418579102e-01 7.599999904632568359e-01 6.000000238418579102e-01 4.399999976158142090e-01 5.199999809265136719e-01 5.600000023841857910e-01 6.800000071525573730e-01 5.199999809265136719e-01 7.200000286102294922e-01 5.600000023841857910e-01 5.199999809265136719e-01 4.799999892711639404e-01 3.600000143051147461e-01 5.600000023841857910e-01 4.799999892711639404e-01 6.000000238418579102e-01 4.799999892711639404e-01 6.000000238418579102e-01 7.200000286102294922e-01 5.199999809265136719e-01 4.399999976158142090e-01 3.600000143051147461e-01 4.399999976158142090e-01 6.000000238418579102e-01 8.000000119209289551e-01 5.199999809265136719e-01 5.199999809265136719e-01 6.000000238418579102e-01 8.799999952316284180e-01 8.399999737739562988e-01 4.399999976158142090e-01 9.200000166893005371e-01 5.199999809265136719e-01 5.199999809265136719e-01 5.199999809265136719e-01 9.200000166893005371e-01 5.199999809265136719e-01 5.199999809265136719e-01 5.600000023841857910e-01 5.199999809265136719e-01 5.199999809265136719e-01 8.399999737739562988e-01 6.000000238418579102e-01 4.000000059604644775e-01 4.000000059604644775e-01 4.399999976158142090e-01 4.799999892711639404e-01 5.600000023841857910e-01 4.799999892711639404e-01 8.799999952316284180e-01 4.399999976158142090e-01 8.399999737739562988e-01 6.399999856948852539e-01 8.799999952316284180e-01 8.799999952316284180e-01 6.399999856948852539e-01 5.199999809265136719e-01 6.000000238418579102e-01 4.799999892711639404e-01 4.000000059604644775e-01 5.199999809265136719e-01 5.199999809265136719e-01 8.399999737739562988e-01 6.000000238418579102e-01 4.799999892711639404e-01 5.199999809265136719e-01 4.399999976158142090e-01
4.799999892711639404e-01 0.000000000000000000e+00 4.799999892711639404e-01 2.399999946355819702e-01 2.399999946355819702e-01 4.799999892711639404e-01 0.000000000000000000e+00 2.399999946355819702e-01 2.399999946355819702e-01 2.800000011920928955e-01 2.800000011920928955e-01 2.800000011920928955e-01 7.999999821186065674e-02 2.399999946355819702e-01 4.799999892711639404e-01 2.800000011920928955e-01 2.800000011920928955e-01 1.599999964237213135e-01 2.399999946355819702e-01 2.800000011920928955e-01 2.000000029802322388e-01 2.399999946355819702e-01 4.799999892711639404e-01 2.800000011920928955e-01 3.600000143051147461e-01 2.800000011920928955e-01 2.800000011920928955e-01 2.800000011920928955e-01 2.399999946355819702e-01 4.399999976158142090e-01 2.800000011920928955e-01 4.799999892711639404e-01 2.399999946355819702e-01 2.800000011920928955e-01 7.999999821186065674e-02 2.000000029802322388e-01 1.599999964237213135e-01 7.999999821186065674e-02 2.800000011920928955e-01 2.399999946355819702e-01 2.800000011920928955e-01 4.000000059604644775e-01 2.800000011920928955e-01 1.599999964237213135e-01 1.599999964237213135e-01 1.599999964237213135e-01 2.800000011920928955e-01 4.000000059604644775e-01 2.000000029802322388e-01 1.199999973177909851e-01 3.600000143051147461e-01 5.600000023841857910e-01 4.799999892711639404e-01 2.000000029802322388e-01 5.199999809265136719e-01 4.000000059604644775e-01 4.000000059604644775e-01 2.399999946355819702e-01 5.199999809265136719e-01 2.399999946355819702e-01 4.000000059604644775e-01 7.999999821186065674e-02 4.000000059604644775e-01 2.000000029802322388e-01 4.799999892711639404e-01 2.800000011920928955e-01 2.399999946355819702e-01 2.399999946355819702e-01 1.599999964237213135e-01 2.000000029802322388e-01 3.600000143051147461e-01 2.399999946355819702e-01 5.199999809265136719e-01 1.599999964237213135e-01 5.199999809265136719e-01 2.800000011920928955e-01 5.600000023841857910e-01 5.600000023841857910e-01 2.800000011920928955e-01 4.000000059604644775e-01 1.599999964237213135e-01 1.599999964237213135e-01 2.000000029802322388e-01 1.599999964237213135e-01 4.000000059604644775e-01 5.199999809265136719e-01 3.600000143051147461e-01 1.599999964237213135e-01 4.000000059604644775e-01 2.000000029802322388e-01
4.399999976158142090e-01 2.399999946355819702e-01 4.399999976158142090e-01 2.000000029802322388e-01 2.000000029802322388e-01 4.399999976158142090e-01 2.399999946355819702e-01 0.000000000000000000e+00 2.800000011920928955e-01 2.399999946355819702e-01 2.399999946355819702e-01 3.199999928474426270e-01 2.800000011920928955e-01 3.199999928474426270e-01 5.199999809265136719e-01 2.399999946355819702e-01 2.399999946355819702e-01 4.000000059604644775e-01 2.800000011920928955e-01 3.199999928474426270e-01 2.399999946355819702e-01 2.800000011920928955e-01 5.199999809265136719e-01 2.399999946355819702e-01 5.199999809265136719e-01 2.399999946355819702e-01 3.199999928474426270e-01 2.399999946355819702e-01 2.399999946355819702e-01 4.000000059604644775e-01 3.199999928474426270e-01 5.199999809265136719e-01 2.800000011920928955e-01 3.600000143051147461e-01 3.199999928474426270e-01 2.399999946355819702e-01 2.800000011920928955e-01 3.199999928474426270e-01 2.399999946355819702e-01 2.000000029802322388e-01 2.399999946355819702e-01 5.199999809265136719e-01 3.199999928474426270e-01 2.000000029802322388e-01 2.399999946355819702e-01 2.000000029802322388e-01 3.199999928474426270e-01 4.000000059604644775e-01 2.399999946355819702e-01 2.800000011920928955e-01 5.199999809265136719e-01 5.199999809265136719e-01 5.600000023841857910e-01 2.000000029802322388e-01 5.600000023841857910e-01 7.599999904632568359e-01 7.599999904632568359e-01 2.800000011920928955e-01 5.600000023841857910e-01 2.800000011920928955e-01 7.599999904632568359e-01 2.000000029802322388e-01 7.599999904632568359e-01 2.399999946355819702e-01 5.600000023841857910e-01 3.199999928474426270e-01 2.800000011920928955e-01 2.800000011920928955e-01 3.199999928474426270e-01 4.000000059604644775e-01 4.799999892711639404e-01 4.399999976158142090e-01 5.600000023841857910e-01 2.800000011920928955e-01 5.600000023841857910e-01 3.199999928474426270e-01 5.600000023841857910e-01 5.199999809265136719e-01 3.199999928474426270e-01 7.599999904632568359e-01 3.199999928474426270e-01 2.800000011920928955e-01 2.800000011920928955e-01 2.399999946355819702e-01 7.599999904632568359e-01 5.600000023841857910e-01 4.799999892711639404e-01 4.000000059604644775e-01 7.599999904632568359e-01 2.800000011920928955e-01
5.600000023841857910e-01 3.199999928474426270e-01 5.600000023841857910e-01 3.600000143051147461e-01 3.600000143051147461e-01 5.600000023841857910e-01 2.399999946355819702e-01 2.800000011920928955e-01 0.000000000000000000e+00 3.600000143051147461e-01 3.600000143051147461e-01 2.800000011920928955e-01 2.800000011920928955e-01 3.600000143051147461e-01 4.000000059604644775e-01 3.600000143051147461e-01 3.600000143051147461e-01 3.199999928474426270e-01 2.800000011920928955e-01 3.199999928474426270e-01 2.000000029802322388e-01 2.800000011920928955e-01 4.000000059604644775e-01 3.600000143051147461e-01 5.199999809265136719e-01 3.600000143051147461e-01 2.800000011920928955e-01 3.199999928474426270e-01 3.600000143051147461e-01 5.199999809265136719e-01 2.800000011920928955e-01 4.000000059604644775e-01 2.800000011920928955e-01 4.000000059604644775e-01 3.199999928474426270e-01 2.000000029802322388e-01 2.800000011920928955e-01 3.199999928474426270e-01 3.600000143051147461e-01 2.800000011920928955e-01 3.600000143051147461e-01 4.399999976158142090e-01 2.800000011920928955e-01 3.199999928474426270e-01 2.000000029802322388e-01 3.199999928474426270e-01 3.600000143051147461e-01 4.000000059604644775e-01 2.000000029802322388e-01 3.199999928474426270e-01 4.799999892711639404e-01 4.399999976158142090e-01 4.799999892711639404e-01 4.000000059604644775e-01 4.799999892711639404e-01 5.199999809265136719e-01 5.199999809265136719e-01 3.600000143051147461e-01 4.799999892711639404e-01 3.600000143051147461e-01 5.199999809265136719e-01 3.199999928474426270e-01 5.199999809265136719e-01 3.600000143051147461e-01 4.799999892711639404e-01 2.800000011920928955e-01 2.399999946355819702e-01 2.399999946355819702e-01 4.000000059604644775e-01 2.800000011920928955e-01 4.399999976158142090e-01 3.199999928474426270e-01 4.799999892711639404e-01 1.599999964237213135e-01 4.000000059604644775e-01 2.800000011920928955e-01 4.000000059604644775e-01 4.399999976158142090e-01 2.800000011920928955e-01 5.199999809265136719e-01 3.600000143051147461e-01 3.199999928474426270e-01 2.399999946355819702e-01 2.000000029802322388e-01 5.199999809265136719e-01 4.000000059604644775e-01 4.399999976158142090e-01 3.199999928474426270e-01 5.199999809265136719e-01 2.800000011920928955e-01
6.000000238418579102e-01 2.399999946355819702e-01 6.000000238418579102e-01 2.000000029802322388e-01 2.000000029802322388e-01 6.000000238418579102e-01 2.800000011920928955e-01 2.399999946355819702e-01 3.600000143051147461e-01 0.000000000000000000e+00 3.600000143051147461e-01 3.600000143051147461e-01 3.199999928474426270e-01 2.800000011920928955e-01 4.000000059604644775e-01 3.600000143051147461e-01 3.600000143051147461e-01 3.199999928474426270e-01 3.600000143051147461e-01 2.800000011920928955e-01 2.399999946355819702e-01 3.600000143051147461e-01 4.000000059604644775e-01 3.600000143051147461e-01 5.199999809265136719e-01 3.600000143051147461e-01 3.600000143051147461e-01 3.600000143051147461e-01 2.000000029802322388e-01 5.600000023841857910e-01 3.600000143051147461e-01 4.000000059604644775e-01 3.600000143051147461e-01 4.000000059604644775e-01 3.199999928474426270e-01 2.000000029802322388e-01 2.399999946355819702e-01 3.199999928474426270e-01 3.600000143051147461e-01 3.199999928474426270e-01 3.600000143051147461e-01 4.399999976158142090e-01 3.600000143051147461e-01 3.199999928474426270e-01 2.000000029802322388e-01 3.199999928474426270e-01 3.600000143051147461e-01 4.000000059604644775e-01 2.800000011920928955e-01 3.199999928474426270e-01 4.399999976158142090e-01 4.399999976158142090e-01 5.600000023841857910e-01 4.000000059604644775e-01 4.799999892711639404e-01 5.199999809265136719e-01 5.199999809265136719e-01 4.000000059604644775e-01 4.799999892711639404e-01 4.000000059604644775e-01 5.199999809265136719e-01 3.199999928474426270e-01 5.199999809265136719e-01 3.199999928474426270e-01 5.600000023841857910e-01 2.800000011920928955e-01 2.399999946355819702e-01 2.399999946355819702e-01 4.000000059604644775e-01 2.399999946355819702e-01 4.399999976158142090e-01 2.800000011920928955e-01 4.799999892711639404e-01 2.000000029802322388e-01 4.000000059604644775e-01 2.800000011920928955e-01 4.000000059604644775e-01 4.399999976158142090e-01 2.800000011920928955e-01 5.199999809265136719e-01 3.600000143051147461e-01 3.199999928474426270e-01 2.399999946355819702e-01 2.800000011920928955e-01 5.199999809265136719e-01 4.000000059604644775e-01 4.399999976158142090e-01 2.800000011920928955e-01 5.199999809265136719e-01 3.600000143051147461e-01
6.000000238418579102e-01 2.399999946355819702e-01 6.000000238418579102e-01 2.000000029802322388e-01 2.000000029802322388e-01 6.000000238418579102e-01 2.800000011920928955e-01 2.399999946355819702e-01 3.600000143051147461e-01 3.600000143051147461e-01 0.000000000000000000e+00 3.600000143051147461e-01 3.199999928474426270e-01 2.800000011920928955e-01 4.000000059604644775e-01 3.600000143051147461e-01 3.600000143051147461e-01 3.199999928474426270e-01 3.600000143051147461e-01 2.800000011920928955e-01 2.399999946355819702e-01 3.600000143051147461e-01 4.000000059604644775e-01 3.600000143051147461e-01 5.199999809265136719e-01 3.600000143051147461e-01 3.600000143051147461e-01 3.600000143051147461e-01 2.000000029802322388e-01 5.600000023841857910e-01 3.600000143051147461e-01 4.000000059604644775e-01 3.600000143051147461e-01 4.000000059604644775e-01 3.199999928474426270e-01 2.000000029802322388e-01 2.399999946355819702e-01 3.199999928474426270e-01 3.600000143051147461e-01 3.199999928474426270e-01 3.600000143051147461e-01 4.399999976158142090e-01 3.600000143051147461e-01 3.199999928474426270e-01 2.000000029802322388e-01 3.199999928474426270e-01 3.600000143051147461e-01 4.000000059604644775e-01 2.800000011920928955e-01 3.199999928474426270e-01 4.399999976158142090e-01 4.399999976158142090e-01 5.600000023841857910e-01 4.000000059604644775e-01 4.799999892711639404e-01 5.199999809265136719e-01 5.199999809265136719e-01 4.000000059604644775e-01 4.799999892711639404e-01 4.000000059604644775e-01 5.199999809265136719e-01 3.199999928474426270e-01 5.199999809265136719e-01 3.199999928474426270e-01 5.600000023841857910e-01 2.800000011920928955e-01 2.399999946355819702e-01 2.399999946355819702e-01 4.000000059604644775e-01 2.399999946355819702e-01 4.399999976158142090e-01 2.800000011920928955e-01 4.799999892711639404e-01 2.000000029802322388e-01 4.000000059604644775e-01 2.800000011920928955e-01 4.000000059604644775e-01 4.399999976158142090e-01 2.800000011920928955e-01 5.199999809265136719e-01 3.600000143051147461e-01 3.199999928474426270e-01 2.399999946355819702e-01 2.800000011920928955e-01 5.199999809265136719e-01 4.000000059604644775e-01 4.399999976158142090e-01 2.800000011920928955e-01 5.199999809265136719e-01 3.600000143051147461e-01
4.399999976158142090e-01 2.800000011920928955e-01 4.399999976158142090e-01 3.199999928474426270e-01 3.199999928474426270e-01 4.399999976158142090e-01 2.800000011920928955e-01 3.199999928474426270e-01 2.800000011920928955e-01 3.600000143051147461e-01 3.600000143051147461e-01 0.000000000000000000e+00 3.199999928474426270e-01 3.600000143051147461e-01 5.199999809265136719e-01 3.600000143051147461e-01 3.600000143051147461e-01 4.399999976158142090e-01 2.800000011920928955e-01 3.600000143051147461e-01 2.800000011920928955e-01 3.199999928474426270e-01 5.199999809265136719e-01 3.600000143051147461e-01 5.199999809265136719e-01 3.600000143051147461e-01 3.600000143051147461e-01 3.199999928474426270e-01 2.800000011920928955e-01 4.000000059604644775e-01 3.600000143051147461e-01 5.199999809265136719e-01 2.800000011920928955e-01 4.000000059604644775e-01 3.600000143051147461e-01 2.800000011920928955e-01 3.199999928474426270e-01 3.600000143051147461e-01 3.600000143051147461e-01 2.800000011920928955e-01 3.600000143051147461e-01 5.199999809265136719e-01 3.600000143051147461e-01 2.399999946355819702e-01 2.800000011920928955e-01 2.399999946355819702e-01 3.199999928474426270e-01 4.399999976158142090e-01 2.399999946355819702e-01 2.800000011920928955e-01 5.199999809265136719e-01 5.600000023841857910e-01 6.000000238418579102e-01 2.399999946355819702e-01 6.000000238418579102e-01 7.599999904632568359e-01 7.599999904632568359e-01 3.199999928474426270e-01 6.000000238418579102e-01 3.199999928474426270e-01 7.599999904632568359e-01 2.399999946355819702e-01 7.599999904632568359e-01 2.800000011920928955e-01 6.000000238418579102e-01 3.600000143051147461e-01 3.199999928474426270e-01 3.199999928474426270e-01 3.600000143051147461e-01 4.399999976158142090e-01 5.199999809265136719e-01 4.000000059604644775e-01 5.199999809265136719e-01 2.800000011920928955e-01 6.000000238418579102e-01 3.600000143051147461e-01 5.600000023841857910e-01 5.600000023841857910e-01 3.600000143051147461e-01 7.599999904632568359e-01 3.600000143051147461e-01 2.399999946355819702e-01 3.199999928474426270e-01 2.800000011920928955e-01 7.599999904632568359e-01 6.000000238418579102e-01 5.199999809265136719e-01 4.399999976158142090e-01 7.599999904632568359e-01 3.199999928474426270e-01
4.799999892711639404e-01 3.999999910593032837e-02 4.799999892711639404e-01 2.399999946355819702e-01 2.399999946355819702e-01 4.799999892711639404e-01 7.999999821186065674e-02 2.800000011920928955e-01 2.800000011920928955e-01 3.199999928474426270e-01 3.199999928474426270e-01 3.199999928474426270e-01 0.000000000000000000e+00 3.600000143051147461e-01 4.399999976158142090e-01 3.199999928474426270e-01 3.199999928474426270e-01 2.000000029802322388e-01 2.800000011920928955e-01 3.199999928474426270e-01 2.000000029802322388e-01 2.800000011920928955e-01 4.399999976158142090e-01 3.199999928474426270e-01 4.000000059604644775e-01 3.199999928474426270e-01 3.199999928474426270e-01 2.399999946355819702e-01 2.399999946355819702e-01 4.000000059604644775e-01 3.199999928474426270e-01 4.399999976158142090e-01 2.800000011920928955e-01 4.399999976158142090e-01 1.199999973177909851e-01 2.000000029802322388e-01 2.000000029802322388e-01 1.199999973177909851e-01 3.199999928474426270e-01 2.000000029802322388e-01 3.199999928474426270e-01 4.399999976158142090e-01 3.199999928474426270e-01 2.000000029802322388e-01 2.000000029802322388e-01 2.000000029802322388e-01 2.800000011920928955e-01 3.199999928474426270e-01 2.000000029802322388e-01 3.600000143051147461e-01 4.399999976158142090e-01 6.000000238418579102e-01 5.199999809265136719e-01 2.000000029802322388e-01 4.799999892711639404e-01 5.199999809265136719e-01 5.199999809265136719e-01 2.000000029802322388e-01 4.799999892711639404e-01 2.000000029802322388e-01 5.199999809265136719e-01 1.199999973177909851e-01 5.199999809265136719e-01 1.599999964237213135e-01 5.199999809265136719e-01 3.199999928474426270e-01 2.399999946355819702e-01 2.399999946355819702e-01 1.199999973177909851e-01 2.399999946355819702e-01 4.399999976158142090e-01 4.000000059604644775e-01 5.600000023841857910e-01 2.000000029802322388e-01 4.799999892711639404e-01 3.199999928474426270e-01 5.600000023841857910e-01 6.000000238418579102e-01 3.199999928474426270e-01 5.199999809265136719e-01 1.199999973177909851e-01 2.000000029802322388e-01 2.399999946355819702e-01 1.599999964237213135e-01 5.199999809265136719e-01 4.799999892711639404e-01 4.399999976158142090e-01 4.000000059604644775e-01 5.199999809265136719e-01 2.800000011920928955e-01
5.600000023841857910e-01 2.000000029802322388e-01 5.600000023841857910e-01 1.599999964237213135e-01 1.599999964237213135e-01 5.600000023841857910e-01 2.399999946355819702e-01 3.199999928474426270e-01 3.600000143051147461e-01 2.800000011920928955e-01 2.800000011920928955e-01 3.600000143051147461e-01 3.600000143051147461e-01 0.000000000000000000e+00 5.199999809265136719e-01 2.800000011920928955e-01 2.800000011920928955e-01 3.199999928474426270e-01 3.600000143051147461e-01 3.600000143051147461e-01 2.399999946355819702e-01 2.399999946355819702e-01 5.199999809265136719e-01 2.800000011920928955e-01 4.799999892711639404e-01 2.800000011920928955e-01 3.600000143051147461e-01 2.800000011920928955e-01 1.599999964237213135e-01 4.799999892711639404e-01 3.600000143051147461e-01 5.199999809265136719e-01 3.600000143051147461e-01 2.399999946355819702e-01 1.199999973177909851e-01 2.399999946355819702e-01 1.199999973177909851e-01 1.199999973177909851e-01 2.800000011920928955e-01 2.399999946355819702e-01 2.800000011920928955e-01 5.199999809265136719e-01 3.600000143051147461e-01 2.000000029802322388e-01 2.399999946355819702e-01 2.000000029802322388e-01 2.800000011920928955e-01 4.799999892711639404e-01 1.199999973177909851e-01 2.000000029802322388e-01 4.399999976158142090e-01 5.199999809265136719e-01 4.799999892711639404e-01 2.800000011920928955e-01 5.600000023841857910e-01 4.399999976158142090e-01 4.399999976158142090e-01 3.199999928474426270e-01 5.600000023841857910e-01 3.199999928474426270e-01 4.399999976158142090e-01 1.199999973177909851e-01 4.399999976158142090e-01 2.399999946355819702e-01 4.799999892711639404e-01 2.399999946355819702e-01 2.800000011920928955e-01 2.800000011920928955e-01 3.199999928474426270e-01 1.199999973177909851e-01 4.399999976158142090e-01 3.600000143051147461e-01 5.600000023841857910e-01 2.800000011920928955e-01 5.600000023841857910e-01 2.399999946355819702e-01 4.799999892711639404e-01 5.199999809265136719e-01 2.399999946355819702e-01 4.399999976158142090e-01 2.399999946355819702e-01 2.000000029802322388e-01 2.800000011920928955e-01 1.199999973177909851e-01 4.399999976158142090e-01 5.600000023841857910e-01 4.799999892711639404e-01 1.599999964237213135e-01 4.399999976158142090e-01 2.000000029802322388e-01
7.200000286102294922e-01 3.600000143051147461e-01 7.200000286102294922e-01 5.199999809265136719e-01 5.199999809265136719e-01 7.200000286102294922e-01 4.399999976158142090e-01 5.199999809265136719e-01 4.000000059604644775e-01 4.000000059604644775e-01 4.000000059604644775e-01 5.199999809265136719e-01 4.399999976158142090e-01 5.199999809265136719e-01 0.000000000000000000e+00 4.000000059604644775e-01 4.000000059604644775e-01 4.000000059604644775e-01 4.000000059604644775e-01 5.600000023841857910e-01 4.799999892711639404e-01 4.399999976158142090e-01 4.399999976158142090e-01 4.000000059604644775e-01 7.200000286102294922e-01 4.000000059604644775e-01 5.199999809265136719e-01 4.799999892711639404e-01 5.199999809265136719e-01 7.200000286102294922e-01 4.799999892711639404e-01 4.399999976158142090e-01 4.000000059604644775e-01 5.600000023841857910e-01 4.799999892711639404e-01 4.799999892711639404e-01 5.199999809265136719e-01 4.799999892711639404e-01 4.000000059604644775e-01 4.399999976158142090e-01 4.000000059604644775e-01 4.799999892711639404e-01 4.799999892711639404e-01 4.000000059604644775e-01 4.799999892711639404e-01 4.000000059604644775e-01 4.399999976158142090e-01 7.200000286102294922e-01 4.799999892711639404e-01 4.399999976158142090e-01 5.199999809265136719e-01 8.000000119209289551e-01 8.000000119209289551e-01 4.000000059604644775e-01 8.399999737739562988e-01 5.199999809265136719e-01 5.199999809265136719e-01 5.199999809265136719e-01 8.399999737739562988e-01 5.199999809265136719e-01 5.199999809265136719e-01 4.000000059604644775e-01 5.199999809265136719e-01 4.399999976158142090e-01 8.000000119209289551e-01 6.800000071525573730e-01 5.199999809265136719e-01 5.199999809265136719e-01 3.600000143051147461e-01 4.000000059604644775e-01 5.199999809265136719e-01 4.000000059604644775e-01 8.399999737739562988e-01 2.800000011920928955e-01 8.399999737739562988e-01 6.800000071525573730e-01 8.000000119209289551e-01 8.000000119209289551e-01 6.800000071525573730e-01 5.199999809265136719e-01 4.399999976158142090e-01 4.000000059604644775e-01 5.199999809265136719e-01 4.799999892711639404e-01 5.199999809265136719e-01 8.399999737739562988e-01 5.199999809265136719e-01 4.399999976158142090e-01 5.199999809265136719e-01 4.799999892711639404e-01
6.000000238418579102e-01 2.399999946355819702e-01 6.000000238418579102e-01 2.000000029802322388e-01 2.000000029802322388e-01 6.000000238418579102e-01 2.800000011920928955e-01 2.399999946355819702e-01 3.600000143051147461e-01 3.600000143051147461e-01 3.600000143051147461e-01 3.600000143051147461e-01 3.199999928474426270e-01 2.800000011920928955e-01 4.000000059604644775e-01 0.000000000000000000e+00 3.600000143051147461e-01 3.199999928474426270e-01 3.600000143051147461e-01 2.800000011920928955e-01 2.399999946355819702e-01 3.600000143051147461e-01 4.000000059604644775e-01 3.600000143051147461e-01 5.199999809265136719e-01 3.600000143051147461e-01 3.600000143051147461e-01 3.600000143051147461e-01 2.000000029802322388e-01 5.600000023841857910e-01 3.600000143051147461e-01 4.000000059604644775e-01 3.600000143051147461e-01 4.000000059604644775e-01 3.199999928474426270e-01 2.000000029802322388e-01 2.399999946355819702e-01 3.199999928474426270e-01 3.600000143051147461e-01 3.199999928474426270e-01 3.600000143051147461e-01 4.399999976158142090e-01 3.600000143051147461e-01 3.199999928474426270e-01 2.000000029802322388e-01 3.199999928474426270e-01 3.600000143051147461e-01 4.000000059604644775e-01 2.800000011920928955e-01 3.199999928474426270e-01 4.399999976158142090e-01 4.399999976158142090e-01 5.600000023841857910e-01 4.000000059604644775e-01 4.799999892711639404e-01 5.199999809265136719e-01 5.199999809265136719e-01 4.000000059604644775e-01 4.799999892711639404e-01 4.000000059604644775e-01 5.199999809265136719e-01 3.199999928474426270e-01 5.199999809265136719e-01 3.199999928474426270e-01 5.600000023841857910e-01 2.800000011920928955e-01 2.399999946355819702e-01 2.399999946355819702e-01 4.000000059604644775e-01 2.399999946355819702e-01 4.399999976158142090e-01 2.800000011920928955e-01 4.799999892711639404e-01 2.000000029802322388e-01 4.000000059604644775e-01 2.800000011920928955e-01 4.000000059604644775e-01 4.399999976158142090e-01 2.800000011920928955e-01 5.199999809265136719e-01 3.600000143051147461e-01 3.199999928474426270e-01 2.399999946355819702e-01 2.800000011920928955e-01 5.199999809265136719e-01 4.000000059604644775e-01 4.399999976158142090e-01 2.800000011920928955e-01 5.199999809265136719e-01 3.600000143051147461e-01
6.000000238418579102e-01 2.399999946355819702e-01 6.000000238418579102e-01 2.000000029802322388e-01 2.000000029802322388e-01 6.000000238418579102e-01 2.800000011920928955e-01 2.399999946355819702e-01 3.600000143051147461e-01 3.600000143051147461e-01 3.600000143051147461e-01 3.600000143051147461e-01 3.199999928474426270e-01 2.800000011920928955e-01 4.000000059604644775e-01 3.600000143051147461e-01 0.000000000000000000e+00 3.199999928474426270e-01 3.600000143051147461e-01 2.800000011920928955e-01 2.399999946355819702e-01 3.600000143051147461e-01 4.000000059604644775e-01 3.600000143051147461e-01 5.199999809265136719e-01 3.600000143051147461e-01 3.600000143051147461e-01 3.600000143051147461e-01 2.000000029802322388e-01 5.600000023841857910e-01 3.600000143051147461e-01 4.000000059604644775e-01 3.600000143051147461e-01 4.000000059604644775e-01 3.199999928474426270e-01 2.000000029802322388e-01 2.399999946355819702e-01 3.199999928474426270e-01 3.600000143051147461e-01 3.199999928474426270e-01 3.600000143051147461e-01 4.399999976158142090e-01 3.600000143051147461e-01 3.199999928474426270e-01 2.000000029802322388e-01 3.199999928474426270e-01 3.600000143051147461e-01 4.000000059604644775e-01 2.800000011920928955e-01 3.199999928474426270e-01 4.399999976158142090e-01 4.399999976158142090e-01 5.600000023841857910e-01 4.000000059604644775e-01 4.799999892711639404e-01 5.199999809265136719e-01 5.199999809265136719e-01 4.000000059604644775e-01 4.799999892711639404e-01 4.000000059604644775e-01 5.199999809265136719e-01 3.199999928474426270e-01 5.199999809265136719e-01 3.199999928474426270e-01 5.600000023841857910e-01 2.800000011920928955e-01 2.399999946355819702e-01 2.399999946355819702e-01 4.000000059604644775e-01 2.399999946355819702e-01 4.399999976158142090e-01 2.800000011920928955e-01 4.799999892711639404e-01 2.000000029802322388e-01 4.000000059604644775e-01 2.800000011920928955e-01 4.000000059604644775e-01 4.399999976158142090e-01 2.800000011920928955e-01 5.199999809265136719e-01 3.600000143051147461e-01 3.199999928474426270e-01 2.399999946355819702e-01 2.800000011920928955e-01 5.199999809265136719e-01 4.000000059604644775e-01 4.399999976158142090e-01 2.800000011920928955e-01 5.199999809265136719e-01 3.600000143051147461e-01
